cam0:
  cam_overlaps: []
  camera_model: omni
  distortion_coeffs: [0.10079099826915425, 0.26262281995066444, -0.0008398362369304363, 0.0006527920479339224]
  distortion_model: radtan
  intrinsics: [1.9312325289784518, 1503.9889607325208, 1504.4624722595422, 1238.9051670004267, 1011.09513362657]
  resolution: [2448, 2048]
  rostopic: /HIKcam/image_raw
