---
header: 
  seq: 8009
  stamp: 
    secs: 1737370580
    nsecs: 208669901
  frame_id: "INTELcam_color_optical_frame"
height: 720
width: 1280
distortion_model: "plumb_bob"
D: [-0.056736864149570465, 0.0645667016506195, 0.0002830743615049869, 0.0008186970953829587, -0.021044978871941566]
K: [644.7691650390625, 0.0, 651.1533203125, 0.0, 643.8721313476562, 363.4122314453125, 0.0, 0.0, 1.0]
R: [1.0, 0.0, 0.0, 0.0, 1.0, 0.0, 0.0, 0.0, 1.0]
P: [644.7691650390625, 0.0, 651.1533203125, 0.0, 0.0, 643.8721313476562, 363.4122314453125, 0.0, 0.0, 0.0, 1.0, 0.0]
binning_x: 0
binning_y: 0
roi: 
  x_offset: 0
  y_offset: 0
  height: 0
  width: 0
  do_rectify: False
---

