cam0:
  T_cam_imu:
  - [0.006657752533243078, -0.9999066623367736, -0.011930672476438142, -0.31302409068418263]
  - [0.02223236260750744, 0.012075998121575976, -0.9996798949274995, 0.15991158484247922]
  - [0.999730661920547, 0.006390374316238234, 0.022310686497819088, -0.4654531449527203]
  - [0.0, 0.0, 0.0, 1.0]
  cam_overlaps: []
  camera_model: pinhole
  distortion_coeffs: [-0.044682744054906895, 0.024952434249305173, -6.46507710571878e-05, 0.001005164472103523]
  distortion_model: radtan
  intrinsics: [637.0102235086177, 636.5671950687336, 653.6378859316724, 362.8854879948024]
  resolution: [1280, 720]
  rostopic: /INTELcam/color/image_raw_throttled
  timeshift_cam_imu: 0.005958021048112066
