cam0:
  T_cam_imu:
  - [0.005402792185317362, -0.9999547559962034, -0.007829163248752324, -0.011132606160469868]
  - [0.011809018361434609, 0.007892532223603893, -0.9998991224220763, 0.1506462367125967]
  - [0.99991567490561, 0.005309792432168503, 0.011851125785583061, -0.31562850043838364]
  - [0.0, 0.0, 0.0, 1.0]
  cam_overlaps: []
  camera_model: pinhole
  distortion_coeffs: [-0.044682744054906895, 0.024952434249305173, -6.46507710571878e-05, 0.001005164472103523]
  distortion_model: radtan
  intrinsics: [637.0102235086177, 636.5671950687336, 653.6378859316724, 362.8854879948024]
  resolution: [1280, 720]
  rostopic: /INTELcam/color/image_raw_throttled
  timeshift_cam_imu: 0.002127244296749359
