cam0:
  T_cam_imu:
  - [0.0006011474361329316, -0.9997035663267946, -0.024339640409174523, -0.0017251658337188295]
  - [0.03939356301934538, 0.02434442602253417, -0.9989271725777981, 0.003061694163737466]
  - [0.9992235915021226, -0.00035832264964830163, 0.03939652003004657, -0.004102172995764516]
  - [0.0, 0.0, 0.0, 1.0]
  cam_overlaps: []
  camera_model: pinhole
  distortion_coeffs: [-0.044682744054906895, 0.024952434249305173, -6.46507710571878e-05, 0.001005164472103523]
  distortion_model: radtan
  intrinsics: [637.0102235086177, 636.5671950687336, 653.6378859316724, 362.8854879948024]
  resolution: [1280, 720]
  rostopic: /INTELcam/color/image_raw_throttled
  timeshift_cam_imu: 0.015588087636051809
