%YAML:1.0
---
type: IMU
name: Wheeltec_IMU
Gyr:
   unit: " rad/s"
   avg-axis:
      gyr_n: 5.1450777570229925e-04
      gyr_w: 1.4121383533352579e-05
   x-axis:
      gyr_n: 4.9494681656483974e-04
      gyr_w: 1.8293187877554767e-05
   y-axis:
      gyr_n: 5.1871054269075976e-04
      gyr_w: 9.3369713744204581e-06
   z-axis:
      gyr_n: 5.2986596785129815e-04
      gyr_w: 1.4733991348082511e-05
Acc:
   unit: " m/s^2"
   avg-axis:
      acc_n: 6.0462717988352746e-03
      acc_w: 1.7041328948480937e-04
   x-axis:
      acc_n: 5.9827450693161824e-03
      acc_w: 1.1192227024616476e-04
   y-axis:
      acc_n: 5.4644320588050702e-03
      acc_w: 1.2569425233496665e-04
   z-axis:
      acc_n: 6.6916382683845713e-03
      acc_w: 2.7362334587329660e-04
