%YAML:1.0
---
type: IMU
name: xsens
Gyr:
   unit: " rad/s"
   avg-axis:
      gyr_n: 1.9707859042408338e-03
      gyr_w: 3.1783777612309055e-05
   x-axis:
      gyr_n: 2.0179590203223715e-03
      gyr_w: 2.8912212554180593e-05
   y-axis:
      gyr_n: 2.0221355892492765e-03
      gyr_w: 4.2983097797296111e-05
   z-axis:
      gyr_n: 1.8722631031508528e-03
      gyr_w: 2.3456022485450463e-05
Acc:
   unit: " m/s^2"
   avg-axis:
      acc_n: 9.8610779309223507e-03
      acc_w: 7.5693167106079118e-05
   x-axis:
      acc_n: 1.0694774737242419e-02
      acc_w: 8.2179710887503418e-05
   y-axis:
      acc_n: 9.8957310826828238e-03
      acc_w: 5.0591451923857546e-05
   z-axis:
      acc_n: 8.9927279728418096e-03
      acc_w: 9.4308338506876357e-05
