%YAML:1.0
---
type: IMU
name: Hi4_IMU
Gyr:
   unit: " rad/s"
   avg-axis:
      gyr_n: 8.6389552717688661e-04
      gyr_w: 3.8983234010428227e-06
   x-axis:
      gyr_n: 6.9443510036347076e-04
      gyr_w: 2.9301918124448535e-06
   y-axis:
      gyr_n: 1.2195248343595552e-03
      gyr_w: 2.9240594355123740e-06
   z-axis:
      gyr_n: 6.7772664680763363e-04
      gyr_w: 5.8407189551712397e-06
Acc:
   unit: " m/s^2"
   avg-axis:
      acc_n: 9.4578014912991108e-03
      acc_w: 9.5350143859136978e-05
   x-axis:
      acc_n: 8.9833287263060280e-03
      acc_w: 7.3945942123503097e-05
   y-axis:
      acc_n: 9.5719542758755678e-03
      acc_w: 1.0327758674976800e-04
   z-axis:
      acc_n: 9.8181214717157385e-03
      acc_w: 1.0882690270413985e-04
